0 938.45 974.90 414.36 650.96 611.33 176.46 578.29
938.45 0 525.65 1330 1590 334.55 1110 1520
974.90 525.65 0 1390 1520 499.75 1140 1520
414.36 1330 1390 0 391.25 1010 236.60 212.86
650.96 1590 1520 391.25 0 1250 507.73 218.67
611.33 334.55 499.75 1010 1250 0 786.32 1190
176.46 1110 1140 236.60 507.73 786.32 0 406.45
578.29 1520 1520 212.86 218.67 1190 406.45 0