0 387.56 676.69 343.51 162.19 642.37 687.58 584.66
387.56 0 598.48 565.34 388.51 580.20 745.96 832.26
676.69 598.48 0 846.44 675.75 782.50 1120 1040
343.51 565.34 846.44 0 172.76 958.77 265.53 518.60
162.19 388.51 580.20 782.50 0 919.28 384.36 469.77  
642.37 580.20 782.50 958.77 919.28 0 1060 1140
687.58 745.96 1120 265.53 384.36 1060 0 662.86
584.66 832.26 1040 518.60 469.77 1140 662.86 0 
