
0 387.12 340.06 593.68 520.47 235.00 215.26 634.52
387.12 0 547.58 736.00 536.18 542.36 387.64 255.00 
340.06 547.58 0 444.30 192.84 543.21 555.55 789.32
593.68 736.00 444.30 0 542.81 815.41 730.85 577.63 
520.47 536.18 192.84 542.81 0 697.42 735.69 970.40
235.00 542.36 543.21 815.41 697.42 0 170.51 751.61 
215.26 387.64 555.55 730.85 735.69 170.51 0 586.95
634.52 255.00 789.32 577.63 970.40 751.61 586.95 0