0 1370 2030 3140 2080 1680 4030 3850
1370 0 3350 4410 1780 5240 3600 666
2030 3350 0 1150 3180 2220 4380 3710
3140 4410 1150 0 3920 1210 4700 4810   
2080 1780 3180 3920 0 4250 1840 2450
1680 5240 2220 1210 4250 0 4550 5640 
4030 3600 4380 4700 1840 4550 0 4220 
3850 666 3710 4810 2450 5640 4220 0